version: 1
creator: callgrind-3.11.0
pid: 4923
cmd:  ./run 1000 1000
part: 1


desc: I1 cache: 
desc: D1 cache: 
desc: LL cache: 

desc: Timerange: Basic block 0 - 29650
desc: Trigger: Program termination

positions: line
events: Ir
summary: 142833


ob=(6) /home/csdue/jaclemon/CSE306/lex21-JordanClemons/run
fl=(74) /home/csdue/jaclemon/CSE306/lex21-JordanClemons/blocksWorld.c
fn=(344) onTable
14 10
+1 4
+1 21
+3 2

fn=(320) _GLOBAL__sub_I_65535_0_create
59 4
cfi=(75) /src/util/gcc-6.4.0-build/x86_64-pc-linux-gnu/libgcc/../../../gcc-6.4.0/libgcc/libgcov-driver.c
cfn=(322) __gcov_init
calls=1 898 
* 1287
* 2

fn=(342) create
3 6
+1 26
+1 11
+1 12
-1 15
+3 2
+1 5
+2 2

fl=(75)
fn=(322)
898 12
-1 4
+3 2
-3 4
+3 4
cfn=(324) gcov_version.isra.0
calls=2 184 
* 8
* 4
+2 8
+13 2
+1 2
+2 8
-13 5
cfn=(324)
calls=1 184 
* 4
* 2
+2 1
+1 1
-1 1
+1 1
+2 1
+2 2
cfi=(69) ???
cfn=(326) atexit
calls=1 0 
* 1238
* 2

fn=(324)
184 6
+11 6

fl=(69)
fn=(278) 0x0000000000400cd0
0 11
cob=(1) /usr/lib64/ld-2.17.so
cfi=(70) /usr/src/debug////////glibc-2.17-c758a686/elf/../sysdeps/x86_64/dl-trampoline.h
cfn=(286) _dl_runtime_resolve_fxsave
calls=1 71 
0 6030
0 5

fn=(314) 0x00000000004035b0
0 4

fn=(298) __libc_csu_init
0 16
cob=(2) ???
cfi=(16) ???
cfn=(300) 0x0000000000400ad8
calls=1 0 
0 28
0 7
cfi=(74)
cfn=(320)
calls=1 59 
0 1293
0 4
cfi=(76) /home/csdue/jaclemon/CSE306/lex21-JordanClemons/runner.c
cfn=(332) _GLOBAL__sub_I_65535_0_main
calls=1 17 
0 35
0 14

fn=(304) 0x0000000000400df0
0 16

fn=(326)
0 6
cob=(1)
cfi=(70)
cfn=(287) _dl_runtime_resolve_fxsave'2
calls=1 71 
0 1227
0 5

fl=(76)
fn=(332)
17 4
cfi=(75)
cfn=(322)
calls=1 898 
* 29
* 2

fn=(340) main
4 6
+1 1
+1 3
cfi=(74)
cfn=(342)
calls=1 -3 
* 79
+1 8
+1 6
cfi=(74)
cfn=(344)
calls=2 +6 
* 37
* 10
cob=(1)
cfi=(70)
cfn=(287)
calls=1 +63 
* 3039
* 5
-1 10

ob=(3) /usr/lib64/libc-2.17.so
fl=(63) /usr/src/debug/glibc-2.17-c758a686/misc/init-misc.c
fn=(246) __init_misc
30 4
+1 5
+2 3
cfi=(64) /usr/src/debug////////glibc-2.17-c758a686/string/../sysdeps/x86_64/strrchr.S
cfn=(248) __GI_strrchr
calls=1 -8 
* 34
+4 5
+1 3
+2 4

fl=(68) /usr/src/debug/glibc-2.17-c758a686/stdlib/bsearch.c
fn=(260) bsearch
26 13
+5 13
-5 117
+7 13
-7 26
+7 13
+7 26
+1 23
-8 46
+2 87
+2 87
-2 87
+1 261
+1 174
cfi=(67) /usr/src/debug/glibc-2.17-c758a686/string/../sysdeps/x86_64/cacheinfo.c
cfn=(262) intel_02_known_compare
calls=87 +84 
* 519
+1 174
+1 61
-6 122
+14 10
-1 10
+1 73
-11 3
+11 21

fl=(78) /usr/src/debug////////glibc-2.17-c758a686/setjmp/../sysdeps/x86_64/setjmp.S
fn=(336) __sigsetjmp
26 1
+9 1
+1 2
+1 1
+4 1
+1 1
+1 1
+1 1
+1 1
+2 2
+2 1
+1 1
+1 1
+2 2
+2 1
+9 1
cfi=(79) /usr/src/debug/glibc-2.17-c758a686/setjmp/sigjmp.c
cfn=(338) __sigjmp_save
calls=1 -35 
* 9

fl=(79)
fn=(338)
29 2
-1 2
+1 2
+5 3

fl=(81) /usr/src/debug/glibc-2.17-c758a686/stdio-common/vfprintf.c
fn=(352) vfprintf
222 11
+35 3
1271 4
+4 5
+11 2
+11 1
fi=(93) /usr/src/debug/glibc-2.17-c758a686/stdio-common/printf-parse.h
109 2
fe=(81)
1297 5
fi=(93)
109 1
cfi=(82) /usr/src/debug////////glibc-2.17-c758a686/string/../sysdeps/x86_64/strchrnul.S
cfn=(354) strchrnul
calls=1 -83 
* 32
fe=(81)
1312 1
fi=(93)
109 1
fe=(81)
1308 1
+4 2
+4 1
fi=(94) /usr/src/debug/glibc-2.17-c758a686/stdio-common/../libio/libioP.h
959 1
+2 1
-2 3
+2 2
+1 2
fe=(81)
1316 6
cfi=(83) /usr/src/debug/glibc-2.17-c758a686/libio/fileops.c
cfn=(356) _IO_file_xsputn@@GLIBC_2.2.5
calls=1 -41 
* 740
* 3
2058 2
cob=(2)
cfi=(16)
cfn=(388) 0x0000000004f46998
calls=1 0 
* 8
+1 2
cob=(2)
cfi=(16)
cfn=(388)
calls=1 0 
* 8
+2 5
+3 1
+1 8
1312 7
+1 15
2061 5
+1 3
1316 2
+4 1
-4 1
+4 2
+4 7
270 1
-6 1
-3 1
1301 1
-8 1
227 1
1372 16
-3 2
-1 2
-17 2
+1 2
+1 2
+1 2
+1 2
+1 2
+1 2
+1 2
+1 2
+1 2
+1 2
+3 2
+1 2
1554 4
-21 6
1372 18
2056 2
1654 4
+8 2
fi=(93)
109 6
fe=(81)
1662 2
fi=(93)
109 2
fe=(81)
1662 2
fi=(93)
109 2
cfi=(82)
cfn=(354)
calls=2 -83 
* 46
fe=(81)
1666 2
fi=(94)
961 2
fe=(81)
1662 2
fi=(94)
962 2
-1 4
+1 6
fe=(81)
1666 14
cfi=(83)
cfn=(356)
calls=2 1275 
* 321
* 10
-10 2
+10 16
+2 2
-2 2
+2 2
-16 3
-18 80
fi=(94)
961 6
+1 4
fe=(81)
1634 12
cfi=(83)
cfn=(356)
calls=2 1275 
* 146
* 42
cfi=(89) /usr/src/debug/glibc-2.17-c758a686/stdio-common/_itoa.c
cfn=(378) _itoa_word
calls=2 168 
* 44
* 86

fl=(42) /usr/src/debug////////glibc-2.17-c758a686/string/../sysdeps/x86_64/multiarch/strcmp.S
fn=(178) strncasecmp
120 1
+2 1
+1 1
+1 1
+2 1
+1 1
+1 1
+5 1

fn=(170) strcasecmp
100 1
+2 1
+1 1
+1 1
+2 1
+1 1
+1 1
+5 1

fl=(47) /usr/src/debug/glibc-2.17-c758a686/time/../sysdeps/unix/sysv/linux/x86_64/gettimeofday.c
fn=(182) gettimeofday
30 1
+1 1
+3 2
-3 4
+3 1
cfi=(44) /usr/src/debug/glibc-2.17-c758a686/elf/../sysdeps/unix/sysv/linux/dl-vdso.c
cfn=(174) _dl_vdso_vsym
calls=1 -7 
* 7
+1 3
+1 3

fl=(83)
fn=(358) _IO_file_overflow@@GLIBC_2.2.5
802 40
+1 30
+7 66
+35 20
+3 16
+3 24
+1 24
+1 32
+4 8
+1 32
-45 2
+12 2
+9 4
+8 1
-4 1
+3 2
-2 2
-3 1
+1 2
+5 1
-1 1
+1 3
+1 2
+3 2
+1 2
+11 6
-12 2
cfn=(372) _IO_do_write@@GLIBC_2.2.5
calls=2 493 
* 114
-31 2
cfi=(84) /usr/src/debug/glibc-2.17-c758a686/libio/genops.c
cfn=(360) _IO_doallocbuf
calls=1 395 
* 156
+1 6

fn=(356)
1275 5
+7 5
-7 35
+6 10
+7 30
+17 4
+4 7
+5 16
cfi=(90) /usr/src/debug////////glibc-2.17-c758a686/string/../sysdeps/x86_64/memcpy.S
cfn=(380) __GI_mempcpy
calls=4 61 
* 76
* 4
+6 4
-1 4
+1 8
+2 15
+4 2
fi=(88) /usr/src/debug/glibc-2.17-c758a686/libio/libioP.h
959 6
+2 4
+1 4
fe=(83)
1326 6
cfn=(358)
calls=2 802 
* 342
* 4
+6 4
+1 12
+2 6
+11 4
+1 4
cfi=(84)
cfn=(374) _IO_default_xsputn
calls=1 423 
* 450
* 2
+2 2
+1 8
-1 8
+1 32
-45 3
-15 12
+1 8
+3 12
+2 25
-2 20
+4 4

fn=(364) _IO_file_stat
1224 1
+1 3
cfi=(86) /usr/src/debug/glibc-2.17-c758a686/io/../sysdeps/unix/sysv/linux/wordsize-64/fxstat.c
cfn=(366) _fxstat
calls=1 35 
* 10

fn=(372)
493 2
+2 4
-2 10
+2 2
+1 6
+8 4
+7 4
+8 1
fi=(88)
961 2
+1 2
fe=(83)
519 4
cfn=(382) _IO_file_write@@GLIBC_2.2.5
calls=1 1251 
* 43
* 1
+1 3
+6 1
-4 1
+4 1
-4 3
+1 2
+3 1
-2 1
-29 2
+1 3
-1 1
+1 1
-1 1
+1 2
+29 2
-4 4

fn=(382)
1251 7
+2 5
+11 1
+1 1
-12 2
+5 1
-1 3
+1 2
cfi=(91) /usr/src/debug////////glibc-2.17-c758a686/io/../sysdeps/unix/syscall-template.S
cfn=(384) write
calls=1 81 
* 7
+1 2
+9 3
+3 9

fl=(65) /usr/src/debug/glibc-2.17-c758a686/ctype/ctype-info.c
fn=(250) __ctype_init
32 5
+2 1
-2 2
+2 3
+2 5

fl=(85) /usr/src/debug/glibc-2.17-c758a686/libio/filedoalloc.c
fn=(362) _IO_file_doallocate
95 5
+15 4
fi=(88)
959 3
+2 2
+1 2
fe=(85)
110 3
cfi=(83)
cfn=(364)
calls=1 1224 
* 14
* 2
+2 4
+11 4
+4 6
cfi=(87) /usr/src/debug/glibc-2.17-c758a686/misc/../sysdeps/unix/sysv/linux/wordsize-64/mmap.c
cfn=(368) mmap
calls=1 -95 
* 33
* 2
+1 5
cfi=(84)
cfn=(370) _IO_setb
calls=1 381 
* 21
+1 1
+1 8
-13 1
fi=(95) /usr/src/debug/glibc-2.17-c758a686/libio/../sysdeps/unix/sysv/linux/sys/sysmacros.h
-71 6
fe=(85)
+71 1
-2 2
+5 2

fl=(72) /usr/src/debug/glibc-2.17-c758a686/csu/../csu/libc-start.c
fn=(292) (below main)
132 7
+4 1
-4 3
+4 7
+62 1
-62 1
+62 1
+1 4
cfi=(73) /usr/src/debug/glibc-2.17-c758a686/stdlib/cxa_atexit.c
cfn=(294) __cxa_atexit
calls=1 56 
* 61
+22 6
+3 2
+1 5
cob=(6)
cfi=(69)
cfn=(298)
calls=1 0 
* 1397
+4 4
+15 2
+9 2
cfi=(77) /usr/src/debug////////glibc-2.17-c758a686/setjmp/../sysdeps/x86_64/bsd-_setjmp.S
cfn=(334) _setjmp
calls=1 31 
* 30
+1 2
+5 2
+1 2
+3 2
+3 6
cob=(6)
cfi=(76)
cfn=(340)
calls=1 4 
* 3204

fl=(89)
fn=(378)
168 8
+2 4
+9 28
+9 4

fl=(82)
fn=(354)
26 3
+1 3
+1 3
+1 3
+1 3
+1 3
+1 3
+1 3
+1 3
+1 3
+1 3
+1 3
+1 3
+1 3
+1 3
+1 3
+1 3
+1 3
+1 3
+1 3
+2 1
+1 1
+1 1
+1 1
+1 1
+1 1
+1 1
+1 1
+1 1
+2 3
+1 3
+1 3

fl=(61) /usr/src/debug/glibc-2.17-c758a686/csu/../csu/init-first.c
fn=(242) _init
52 8
+6 6
+17 1
fi=(62) /usr/src/debug/glibc-2.17-c758a686/csu/../sysdeps/unix/sysv/linux/x86_64/init-first.c
-35 2
fe=(61)
+33 1
+1 1
fi=(62)
-34 1
-2 2
fe=(61)
+37 1
fi=(62)
-37 3
+2 1
cfi=(44)
cfn=(174)
calls=1 -13 
* 7
+1 2
+5 2
-3 2
+1 1
+2 1
cfi=(44)
cfn=(174)
calls=1 -19 
* 7
fe=(61)
+43 1
fi=(62)
-39 1
fe=(61)
+39 2
fi=(62)
-39 2
+1 2
+1 1
fe=(61)
+37 1
cfi=(63)
cfn=(246)
calls=1 -59 
* 58
+8 1
cfi=(65)
cfn=(250)
calls=1 -65 
* 16
+5 6
-35 1
-9 1
+9 4
fi=(62)
-25 2
fe=(61)

fl=(77)
fn=(334)
31 1
+2 1
cfi=(78)
cfn=(336)
calls=1 -7 
* 28

fl=(92) /usr/src/debug/glibc-2.17-c758a686/malloc/malloc.c
fn=(390) free
2930 4
+1 4
+5 4
-91 2

fl=(64)
fn=(248)
25 1
+1 1
+1 1
+1 1
+1 1
+1 1
+1 1
+1 1
+1 1
+1 1
+1 1
+1 1
+1 1
+1 1
+1 1
+1 1
+1 1
+1 1
+1 1
+1 1
+1 1
+1 1
+1 1
+13 1
+1 1
+1 1
+1 1
+7 1
+1 1
+1 1
+1 1
+1 1
+1 1
+1 1

fl=(44)
fn=(174)
27 4
-1 4
+1 4
+4 8
-3 8

fl=(46) /usr/src/debug////////glibc-2.17-c758a686/string/../sysdeps/x86_64/multiarch/memset.S
fn=(180) memset
27 1
+1 1
+1 1
+1 1
+1 1
+2 1
+1 1
+5 1

fl=(45) /usr/src/debug////////glibc-2.17-c758a686/string/../sysdeps/x86_64/multiarch/strnlen.S
fn=(176) strnlen
30 1
+1 1
+1 1
+1 1
+2 1

fl=(84)
fn=(374)
423 1
+4 1
-4 7
+3 1
-3 1
+3 1
fi=(88)
959 6
fe=(84)
456 26
fi=(88)
961 16
+1 16
fe=(84)
456 32
cfi=(83)
cfn=(358)
calls=8 802 
* 264
* 16
+2 8
-2 8
-25 36
+29 2
+1 8

fn=(360)
395 3
+1 1
-1 1
+1 1
+6 4
-4 3
+1 1
fi=(88)
959 3
+2 2
+1 2
fe=(84)
399 2
cfi=(85)
cfn=(362)
calls=1 95 
* 131
* 2

fn=(370)
381 5
+1 4
+3 1
+2 4
-3 1
+3 2
+3 4

fl=(48) ???
fn=(184) memcpy@GLIBC_2.2.5
0 15

fl=(66) /usr/src/debug/glibc-2.17-c758a686/libio/vtables.c
fn=(252) check_stdfiles_vtables
81 4
+1 3
+1 4

fl=(43) /usr/src/debug/glibc-2.17-c758a686/time/../sysdeps/unix/sysv/linux/x86_64/time.c
fn=(172) time
36 1
+1 1
+3 2
-3 4
+3 1
cfi=(44)
cfn=(174)
calls=1 -13 
* 7
* 3
+1 3

fl=(86)
fn=(366)
35 1
-1 1
+1 1
+1 6
+4 1

fl=(91)
fn=(384)
81 2
cfn=(386) __write_nocancel
calls=1 * 
* 5

fn=(386)
81 5

fl=(80) /usr/src/debug/glibc-2.17-c758a686/stdio-common/printf.c
fn=(350) printf
29 8
+4 1
-4 1
+5 1
-1 5
+1 3
cfi=(81)
cfn=(352)
calls=1 222 
* 1865
+4 2

fl=(87)
fn=(368)
32 1
+1 1
-1 9
+1 3
+1 10
+2 7
-3 2

fl=(73)
fn=(296) __new_exitfn
72 2
+6 4
-6 6
+6 8
+2 8
-7 4
+9 6
+1 5
-3 1
+10 1
-10 2
+2 2
+11 2
+25 1
+1 1
-1 1
+1 1
-1 1
+7 1
+1 1
+3 2
-4 1
+1 1
+3 6
+3 10
-35 2
+14 1
+1 2

fn=(294)
56 12
-22 4
cfn=(296)
calls=2 +38 
* 83
+2 4
+4 2
+3 2
+1 2
-4 4
+2 2
+4 2
+1 2
+11 8

fl=(67)
fn=(262)
121 261
+3 252
-2 3
+3 3

fn=(254) init_cacheinfo
478 2
+12 1
-12 1
+12 1
-12 1
+12 1
-12 1
+12 1
648 2
+2 1
+1 1
+2 1
-3 1
+5 1
-5 1
+4 3
+4 2
+2 1
+1 1
+2 1
+4 1
-7 1
+5 1
-5 1
+4 1
+3 2
-3 1
+3 1
-3 1
+3 2
492 2
cfn=(256) handle_intel.isra.0
calls=1 262 
* 1564
+4 1
-4 1
+4 1
cfn=(256)
calls=1 262 
* 982
+2 1
-2 1
-1 1
+3 1
+9 3
+2 1
+1 1
+2 1
+5 2
+9 16
-9 12
+6 3
-6 3
+6 3
-6 3
+6 1
-6 1
+6 1
+69 4
+1 6
-65 1
+32 1
-26 5
+7 2
+4 4
+2 4
-6 4
+4 1
-2 1
+2 1
-4 3
+4 1
-2 1
+2 1
+15 1
+1 4
-9 1
+2 2
+1 1
-1 2
+1 1
+1 1

fn=(256)
262 4
+12 2
-12 12
+9 2
+1 4
-3 6
+23 10
cfn=(258) intel_check_word
calls=2 132 
* 1478
+1 4
+3 10
cfn=(258)
calls=2 132 
* 735
+1 4
+3 5
cfn=(258)
calls=1 132 
* 31
+1 2
+3 5
cfn=(258)
calls=1 132 
* 194
+1 2
-25 4
+5 2
-5 4
+5 2
+2 2
+1 2
-1 4
+27 16

fn=(258)
132 48
+1 18
+6 48
+2 6
-2 6
+2 6
+88 10
-76 26
+53 26
+23 65
-1 13
+1 13
cfi=(68)
cfn=(260)
calls=13 26 
* 1979
+2 26
+2 12
+14 2
+6 11
141 22
+2 13
+2 26
-10 4
258 48
-23 2
+2 4
+2 4

fl=(90)
fn=(380)
61 4
+4 4
+3 4
+1 4
+2 4
+1 4
+2 4
+1 4
+5 4
+1 4
+11 4
+1 4
+2 1
+1 1
+2 1
+1 1
+5 1
+1 1
-1 3
+1 3
+11 4
+1 4
+21 4
+4 4

ob=(5) /util/valgrind-3.11.0/lib/valgrind/vgpreload_core-amd64-linux.so
fl=(60) ???
fn=(230) 0x0000000000000530
0 6

fn=(224) 0x0000000000000490
0 6

fn=(236) 0x00000000000006d0
0 11

ob=(4) /usr/lib64/libm-2.17.so
fl=(57) /usr/src/debug////////glibc-2.17-c758a686/math/../sysdeps/x86_64/fpu/multiarch/s_floor.S
fn=(204) floor
25 1
+1 1
+1 1
+1 1
+2 1

fl=(50) /usr/src/debug/glibc-2.17-c758a686/math/../sysdeps/x86_64/fpu/multiarch/s_sin.c
fn=(190) cos
20 8

fl=(56) /usr/src/debug////////glibc-2.17-c758a686/math/../sysdeps/x86_64/fpu/multiarch/s_floorf.S
fn=(202) floorf
25 1
+1 1
+1 1
+1 1
+2 1

fl=(49) /usr/src/debug/glibc-2.17-c758a686/math/../sysdeps/x86_64/fpu/multiarch/e_exp.c
fn=(188) __exp_finite
15 8

fl=(54) /usr/src/debug////////glibc-2.17-c758a686/math/../sysdeps/x86_64/fpu/multiarch/s_rintf.S
fn=(198) rintf
25 1
+1 1
+1 1
+1 1
+2 1

fl=(53) ???
fn=(208) __atan2_finite
0 8

fn=(196) __log_finite
0 8

fn=(210) sin
0 8

fn=(268) 0x00000000000056d0
0 16

fl=(51) /usr/src/debug////////glibc-2.17-c758a686/math/../sysdeps/x86_64/fpu/multiarch/s_rint.S
fn=(192) rint
25 1
+1 1
+1 1
+1 1
+2 1

fl=(55) /usr/src/debug/glibc-2.17-c758a686/math/../sysdeps/x86_64/fpu/multiarch/e_asin.c
fn=(200) __acos_finite
10 5

fn=(206) __asin_finite
16 5

fl=(52) /usr/src/debug/glibc-2.17-c758a686/math/../sysdeps/x86_64/fpu/multiarch/e_pow.c
fn=(194) __pow_finite
8 5

ob=(1)
fl=(14) /usr/src/debug/glibc-2.17-c758a686/string/../string/memcmp.c
fn=(30) bcmp
309 18
+3 18
-3 90
+4 18
-4 18
+7 36
+4 18
+16 6
+1 12
-1 12
129 28
-15 12
340 8
+4 2
+2 2
-2 4
+1 2
+5 28
+2 12
+1 12
+1 12
+3 133
-3 76
-2 76
+1 76
+4 152
-7 170
+12 11
+1 144
225 2
-7 2
+1 2
+4 2
+2 2
-6 2
+4 2
+2 10
-92 4
+1 4
+1 4
+1 4
+1 4
+48 4
-2 4
+1 4
+1 28
-77 4
+1 8
+4 8
-5 18
+1 36
+4 40
231 2
+2 2
-4 2
+1 2
+4 2
-2 2
+56 4
-2 2
+2 4
-1 2
+1 4
+1 4
+12 12
+1 4
-6 4

fl=(17) /usr/src/debug/glibc-2.17-c758a686/elf/dl-minimal.c
fn=(44) __libc_memalign
51 144
+1 178
+11 35
+1 35
-1 35
+3 35
-3 35
+3 70
-3 1
+1 1
-1 1
+3 1
-3 1
+3 134
+4 12
+1 9
+6 21
cfi=(35) /usr/src/debug/glibc-2.17-c758a686/misc/../sysdeps/unix/sysv/linux/wordsize-64/mmap.c
cfn=(118) mmap
calls=3 -45 
* 99
+2 15
+4 9
+3 3
+1 3
+2 15
-3 33
+1 33
+2 264
-31 3
+1 1
-2 3

fn=(80) free
121 9
-2 18
+2 9
+7 16
-3 4
cfi=(26) /usr/src/debug////////glibc-2.17-c758a686/string/../sysdeps/x86_64/rtld-memset.S
cfn=(82) memset
calls=1 -95 
* 13
+1 1
+2 2

fn=(72) strsep
337 7
+1 14
+4 188
+7 444
-2 306
+4 10
+6 74
-15 223
+18 1
+4 1
-4 5
+4 6
-11 10
+1 5

fn=(36) calloc
102 10
+7 30
-3 10
+3 20
+4 10
cfn=(40) malloc
calls=10 -20 
* 441
* 10

fn=(40)
93 35
+1 70
cfn=(44)
calls=35 -43 
* 1151
* 35

fl=(71) /usr/src/debug/glibc-2.17-c758a686/elf/../elf/dl-runtime.c
fn=(288) _dl_fixup
66 6
+6 6
-6 3
+3 3
-1 3
+1 3
+3 3
+1 3
-1 6
+1 9
+1 3
-1 3
+1 6
+9 6
+4 9
+4 6
+1 12
+2 12
+7 9
-1 3
+11 27
cfi=(6) /usr/src/debug/glibc-2.17-c758a686/elf/dl-lookup.c
cfn=(162) _dl_lookup_symbol_x
calls=3 716 
* 3301
* 3
+4 9
+10 18
+16 3
-8 3
+8 9
+4 9
fi=(5) /usr/src/debug/glibc-2.17-c758a686/elf/../sysdeps/x86_64/dl-machine.h
+88 3
fe=(71)
-84 9

fl=(22) /usr/src/debug////////glibc-2.17-c758a686/posix/../sysdeps/unix/syscall-template.S
fn=(62) uname
81 4
+1 1

fl=(15) /usr/src/debug/glibc-2.17-c758a686/elf/dl-object.c
fn=(32) _dl_new_object
62 44
+1 4
-1 8
+1 4
cfi=(10) /usr/src/debug////////glibc-2.17-c758a686/string/../sysdeps/x86_64/rtld-strlen.S
cfn=(20) strlen
calls=4 -37 
* 219
+6 4
-6 12
+6 44
+7 16
cfi=(17)
cfn=(36)
calls=4 +26 
* 225
* 4
+3 4
-3 4
+3 4
+4 4
+5 4
-6 4
+6 4
-5 4
+5 4
-1 8
+1 4
cfi=(18) /usr/src/debug////////glibc-2.17-c758a686/string/../sysdeps/x86_64/memcpy.S
cfn=(46) memcpy
calls=4 -27 
* 120
* 4
+4 4
-2 4
+3 4
-1 4
+1 16
+3 4
-3 4
+3 4
+9 4
-7 4
+4 4
+3 9
+2 2
-2 2
+2 30
-2 30
+12 4
+6 4
-5 4
-1 4
+6 12
-2 4
+2 8
+2 9
+3 9
+4 9
+4 9
+2 1
+6 1
+3 2
+3 5
-3 6
+3 15
+2 3
+4 3
-4 3
cfi=(10)
cfn=(20)
calls=3 26 
* 156
* 6
+4 3
-4 3
+4 9
+64 6
+4 32
-88 9
-39 9
+39 3
+70 9
cfi=(18)
cfn=(68) mempcpy
calls=3 61 
* 108
* 3
+5 50
+1 50
-1 50
+1 53
-1 3
+1 9
+5 6
-57 6
cfi=(17)
cfn=(40)
calls=3 -67 
* 102
* 3
+1 3
-1 3
+1 9

fn=(48) _dl_add_to_namespace_list
33 8
+2 4
-2 12
+2 4
cfi=(2) /usr/src/debug/glibc-2.17-c758a686/elf/rtld.c
cfn=(50) rtld_lock_default_lock_recursive
calls=4 787 
* 8
+2 29
+4 6
-1 27
+2 3
+2 3
+4 3
+4 3
-4 6
+1 6
+1 6
+2 3
+1 9
-1 3
cfi=(2)
cfn=(52) rtld_lock_default_unlock_recursive
calls=3 793 
* 6
-4 1
+4 1
-4 2
+1 2
+1 2
+2 1
+1 3
-1 1
cfi=(2)
cfn=(52)
calls=1 793 
* 2
-5 2

fl=(70)
fn=(286)
71 1
+3 1
+2 1
+3 1
+13 1
+1 1
+1 1
+1 1
+1 1
+1 1
+1 1
+2 1
+29 1
+1 1
+1 1
cfi=(71)
cfn=(288)
calls=1 -65 
* 1250
+1 1
+3 1
+6 1
+1 1
+1 1
+1 1
+1 1
+1 1
+1 1
+2 1
+2 1
+4 1
+3 1
cob=(3)
cfi=(72)
cfn=(292)
calls=1 -26 
* 4752

fn=(287)
71 2
+3 2
+2 2
+3 2
+13 2
+1 2
+1 2
+1 2
+1 2
+1 2
+1 2
+2 2
+29 2
+1 2
+1 2
cfi=(71)
cfn=(288)
calls=2 -65 
* 2258
+1 2
+3 2
+6 2
+1 2
+1 2
+1 2
+1 2
+1 2
+1 2
+2 2
+2 2
+4 2
+3 2
cob=(3)
cfi=(80)
cfn=(350)
calls=1 29 
* 1886
cob=(3)
cfi=(73)
cfn=(294)
calls=1 56 
* 66

fl=(13) /usr/src/debug/glibc-2.17-c758a686/elf/dl-environ.c
fn=(28) _dl_next_ld_env_entry
30 3
+3 11
+2 84
+11 40
-13 120
-2 1
+19 1
-14 20
+5 2
-3 2
+3 2
+2 2

fl=(39) /usr/src/debug/glibc-2.17-c758a686/elf/dl-version.c
fn=(144) _dl_check_all_versions
381 6
+4 4
-2 2
+4 35
cfn=(146) _dl_check_map_versions
calls=5 174 
* 4429
-2 5
+2 15
-1 5
-1 10
+5 7

fn=(146)
174 45
+15 5
-15 10
+15 10
+2 5
+3 5
-3 5
+2 5
+1 5
+2 5
-3 5
+3 5
+3 12
+4 18
+17 3
56 3
220 3
56 3
220 3
56 15
220 1
56 1
220 1
56 1
220 1
56 5
+1 14
-1 28
+2 54
cfi=(32) /usr/src/debug/glibc-2.17-c758a686/elf/dl-misc.c
cfn=(104) _dl_name_match_p
calls=18 304 
* 1240
* 40
228 12
+5 32
+20 3
-16 87
cfn=(148) match_symbol
calls=2 76 
* 391
* 15
cfn=(148)
calls=5 76 
* 919
* 7
+8 28
+3 29
+9 16
+5 1
+1 1
-80 2
-8 2
+96 15
+3 9
+10 28
-7 112
+3 84
-3 12
+3 9
+8 5
+86 5
-86 5
+87 8
-81 16
cfi=(17)
cfn=(36)
calls=4 102 
* 220
* 4
+1 4
-2 4
+2 4
+11 4
-3 4
+3 8
+2 12
+3 12
+4 12
+18 3
-15 9
+2 9
-2 12
+2 12
+2 7
+1 7
-1 14
+1 7
-1 7
+1 7
+1 7
-2 7
+2 14
+1 21
+3 21
+8 12
+5 1
+1 1
+4 12
+3 12
+20 28
-14 28
-2 28
+2 31
-2 3
+2 3
+4 28
+2 28
-1 56
+1 28
-1 84
+1 28
+1 28
+3 93
+10 4
-1 4
+1 28

fn=(148)
76 77
+9 7
-8 7
-1 14
+1 7
+8 7
+6 21
+18 14
+5 14
+14 114
+12 150
+4 50
-30 100
+16 7
+3 28
cfi=(19) /usr/src/debug////////glibc-2.17-c758a686/string/../sysdeps/x86_64/strcmp.S
cfn=(54) strcmp
calls=7 -1 
* 623
* 14
+35 56

fl=(8) /usr/src/debug/glibc-2.17-c758a686/elf/../sysdeps/unix/sysv/linux/x86_64/brk.c
fn=(14) brk
31 1
-3 1
+3 6
+8 1
-6 2
+7 1

fl=(35)
fn=(118)
32 10
+1 10
-1 90
+1 24
+1 100
+2 70
-3 24

fl=(40) /usr/src/debug/glibc-2.17-c758a686/elf/dl-reloc.c
fn=(156) _dl_relocate_object
148 50
+15 5
-15 10
+15 5
+1 20
+6 10
+6 15
-18 6
+22 6
+8 10
-33 5
+78 5
fi=(5)
76 5
fe=(40)
233 10
fi=(5)
76 15
fe=(40)
259 224
159 15
fi=(5)
299 24
fe=(40)
-40 3
fi=(4) /usr/src/debug/glibc-2.17-c758a686/elf/do-rel.h
48 3
fe=(40)
259 3
fi=(4)
58 3
fe=(40)
259 3
fi=(4)
47 6
+11 6
fe=(40)
259 2
159 10
fi=(5)
299 16
fe=(40)
-40 2
fi=(4)
48 2
fe=(40)
259 2
fi=(4)
58 2
fe=(40)
259 2
fi=(4)
47 4
+11 4
fe=(40)
259 5
fi=(4)
48 5
fe=(40)
259 5
fi=(4)
58 5
fe=(40)
259 5
fi=(4)
47 10
+11 10
+3 12
fi=(5)
508 80
+4 80
+2 120
+1 40
fi=(4)
61 153
+2 156
+2 38
-4 3
+13 6
+1 5
+1 24
fi=(5)
508 12
+24 12
fi=(4)
75 12
fi=(5)
532 12
+2 12
cob=(4)
cfi=(53)
cfn=(210)
calls=1 0 
* 8
cob=(4)
cfi=(53)
cfn=(208)
calls=1 0 
* 8
cob=(4)
cfi=(55)
cfn=(206)
calls=1 16 
* 5
cob=(4)
cfi=(57)
cfn=(204)
calls=1 25 
* 5
cob=(4)
cfi=(56)
cfn=(202)
calls=1 25 
* 5
cob=(4)
cfi=(55)
cfn=(200)
calls=1 10 
* 5
cob=(4)
cfi=(54)
cfn=(198)
calls=1 25 
* 5
cob=(4)
cfi=(53)
cfn=(196)
calls=1 0 
* 8
cob=(4)
cfi=(52)
cfn=(194)
calls=1 8 
* 5
cob=(4)
cfi=(51)
cfn=(192)
calls=1 25 
* 5
cob=(4)
cfi=(50)
cfn=(190)
calls=1 20 
* 8
cob=(4)
cfi=(49)
cfn=(188)
calls=1 15 
* 8
fi=(4)
75 12
fi=(5)
535 12
fi=(4)
75 14
fe=(40)
259 3
fi=(4)
75 9
fe=(40)
259 27
+3 15
+24 5
+3 10
+17 15
+2 40
fi=(4)
84 7
+2 14
+12 7
-15 7
+15 7
-15 7
+15 7
+10 10
+3 13
fi=(5)
498 9
fi=(4)
111 12
fi=(5)
498 3579
fi=(4)
111 4772
+7 21
+3 6
+3 6
-3 6
+3 6
-74 4
fi=(5)
425 4
fi=(4)
51 4
fi=(5)
425 16
fi=(4)
127 484
+9 228
+3 228
fi=(5)
267 114
fi=(4)
138 114
-2 114
+1 456
fi=(5)
267 114
+21 228
+4 228
+7 1446
fi=(4)
137 85
fi=(5)
299 170
fi=(4)
137 85
fi=(5)
299 85
fi=(4)
138 85
fi=(5)
299 170
fi=(4)
137 85
fi=(5)
299 265
fi=(4)
137 10
fi=(5)
299 20
fi=(4)
137 10
fi=(5)
299 10
fi=(4)
138 10
fi=(5)
299 20
fi=(4)
137 10
fi=(5)
299 1170
cfi=(6)
cfn=(162)
calls=95 716 
* 80814
* 380
+2 303
+3 109
-3 218
+3 327
+6 798
fe=(40)
177 10
+1 2
+2 4
+79 10
fi=(5)
82 6
+4 9
+14 3
-8 3
+8 6
+20 6
+7 6
+4 12
418 300
fi=(4)
124 375
+19 8
+1 26
+1 21
+3 14
+4 14
-1 7
-3 7
+1 7
+1 7
-1 14
fi=(5)
299 28
+2 7
+3 7
-3 7
+3 21
471 14
+1 7
cob=(3)
cfi=(48)
cfn=(184)
calls=1 0 
* 15
cob=(3)
cfi=(47)
cfn=(182)
calls=1 30 
* 22
cob=(3)
cfi=(46)
cfn=(180)
calls=1 27 
* 8
cob=(3)
cfi=(42)
cfn=(178)
calls=1 120 
* 8
cob=(3)
cfi=(45)
cfn=(176)
calls=1 30 
* 5
cob=(3)
cfi=(43)
cfn=(172)
calls=1 36 
* 22
cob=(3)
cfi=(42)
cfn=(170)
calls=1 100 
* 8
+1 14
299 39
fi=(4)
129 26
fi=(5)
299 20
+91 39
+4 65
+5 65
-71 2
+1 3
fi=(4)
108 3
fe=(40)
314 6
+1 3
+1 3
-1 3
-1 6
+2 3
+3 6
+1 9
cfi=(36) /usr/src/debug////////glibc-2.17-c758a686/misc/../sysdeps/unix/syscall-template.S
cfn=(120) mprotect
calls=3 81 
* 15
* 6
fi=(5)
-21 14
fi=(4)
129 3
+31 8
+2 12
+8 6
+1 3
-1 3
+1 3
fi=(5)
+96 3
fi=(4)
-97 6
fi=(5)
+97 3
+21 6
+4 6
+7 81
cfi=(6)
cfn=(162)
calls=3 716 
* 2267
* 12
+2 9
+3 1
-3 2
+3 3
+6 21
418 9
fi=(4)
160 9
+14 5
fi=(5)
299 132
fe=(40)

fl=(38) /usr/src/debug/glibc-2.17-c758a686/io/../sysdeps/unix/sysv/linux/wordsize-64/xstat.c
fn=(136) _xstat
35 3
-1 3
+1 3
+1 18
+4 1
-4 8

fl=(25) /usr/src/debug////////glibc-2.17-c758a686/string/../sysdeps/x86_64/rtld-strchr.S
fn=(76) index
38 15
+1 15
+1 15
+1 15
+1 9
+1 9
+3 9
+1 9
+1 9
-2 35
+1 35
+1 35
+1 44
+1 44
+1 44
+1 44
+1 44
+9 15
+1 15
+1 15
+2 30
+32 15
+1 15
+1 15
+1 15
+2 15
+3 15
-8 2
+1 2
+1 2
+1 2
+2 2
+3 2
+1 17
+1 17
+1 17
+2 17
+5 16
+1 16
+1 16
+3 16
+1 14
+1 14
+1 14
+2 14
+3 9
+1 9
+1 9
+1 9
+2 9
+3 9
+1 9
+1 9
+1 9
+2 9
+5 9
+1 9
+1 9
+3 9
+1 7
+1 7
+1 7
+2 7
+2 3
+1 3
+1 3
+1 3
+2 3
+3 3
+1 3
+1 3
+1 3
+2 3
+5 3
+1 3
+1 3
+3 3
+1 3
+1 3
+1 3
+2 3
+2 2
+1 2
+1 2
+1 2
+2 2
+3 2
+1 2
+1 2
+1 2
+2 2
+5 2
+1 2
+1 2
+3 2
+1 2
+1 2
+1 2
+2 2
+4 14
+1 14
+11 1
+1 1
+1 1
+1 1
+47 1
+1 1

fl=(1) ???
fn=(0) 0x0000000000001120
0 2
cfi=(2)
cfn=(2) _dl_start
calls=1 430 
0 133641
0 14
cfi=(59) /usr/src/debug/glibc-2.17-c758a686/elf/dl-init.c
cfn=(220) _dl_init
calls=1 90 
0 3127
0 3
cob=(6)
cfi=(69)
cfn=(278)
calls=1 0 
0 6046

fl=(6)
fn=(10) _dl_setup_hash
865 15
+4 4
+4 8
+2 4
-1 4
+4 4
+4 4
-4 4
+1 8
+2 4
-2 4
+3 4
+2 4
+1 4
+1 16
+1 4
+3 3
+2 1
+2 1
+2 1
+1 1
+1 1
-4 1
+4 2

fn=(168) check_match.9524
132 2086
+1 596
+2 596
+2 309
-2 206
+12 309
+3 322
cfi=(19)
cfn=(54)
calls=29 -18 
* 1762
* 58
+5 94
-1 94
+1 94
-1 94
+1 94
+2 186
+19 186
+1 744
+46 564
-18 2
+2 2
+1 4
-1 2
+1 1
-1 2
+9 9
+7 1224
-45 279
cfi=(19)
cfn=(54)
calls=93 -46 
* 8096
* 372
-43 390
+81 585

fn=(164) do_lookup_x
82 909
+1 101
-6 101
+5 303
-5 707
+11 101
+1 101
233 101
-3 101
+3 101
-3 303
98 101
-3 101
+1 101
+2 101
+3 101
-3 101
+3 101
-3 318
-3 318
+1 318
+2 318
+3 318
-3 318
+3 318
+4 838
+4 838
+4 838
+7 1257
+4 838
+1 1257
226 419
+1 838
+4 636
-2 318
+5 1272
+4 636
-1 636
+1 318
-1 636
+21 224
+24 650
462 1836
+1 245
cfi=(32)
cfn=(104)
calls=49 304 
* 2254
* 294
+3 975
+3 14
287 700
+4 227
+13 94
+1 94
-1 94
+1 94
+1 94
470 808
241 412
-1 206
+2 206
+2 306
+10 315
-7 995
+2 188
+1 376
-1 564
+1 282
cfn=(168)
calls=94 132 
* 14703
+1 470
+11 404
+6 533
+2 816
-2 204
+2 204
-2 204
+4 1428
cfn=(168)
calls=204 132 
* 4659
+1 1020
-10 101
fi=(41) /usr/src/debug/glibc-2.17-c758a686/elf/../sysdeps/generic/dl-hash.h
32 101
-1 101
+1 505
+2 202
+1 303
+2 202
+1 303
+2 202
+1 303
+2 96
+1 96
-1 96
+2 288
+3 2535
+1 1690
+13 1690
-17 2535
+22 576
fe=(6)
263 192
fi=(41)
67 25
fe=(6)
263 10

fn=(162)
716 1212
477 101
716 202
477 303
-1 202
+2 101
-1 101
+1 303
-1 303
+1 1244
-1 1244
+1 3732
-1 3934
718 101
+4 101
+9 101
-13 101
+15 101
-14 202
+14 101
-2 101
+6 808
+2 1313
cfn=(164)
calls=101 82 
* 66781
+3 202
+3 7
-8 28
-7 202
+40 202
+24 94
+1 658
+26 94
+9 470
+14 282
+3 376
+5 94
+2 808
-82 49
+18 7
+1 14
+54 2

fl=(2)
fn=(50)
787 8

fn=(90) handle_ld_preload
840 9
+1 1
-76 1
+86 1
-11 2
-75 6
+80 3
fi=(29) /usr/src/debug/glibc-2.17-c758a686/elf/../string/bits/string2.h
984 3
+1 5
-1 252
+1 126
+1 63
-2 63
+2 63
-2 190
+2 1
-2 3
fe=(2)
849 3
+10 4
108 3
862 2
760 1
+5 5
-10 1
+4 1
+1 1
+1 1
+2 1
+2 1
cfi=(30) /usr/src/debug/glibc-2.17-c758a686/elf/dl-error.c
cfn=(94) _dl_catch_error
calls=1 159 
* 2744
+1 2
+8 3
+89 1
-18 3
+21 9
-15 4
cfi=(18)
cfn=(46)
calls=1 61 
* 42
* 1
+1 3

fn=(2)
430 9
+18 4
fi=(3) /usr/src/debug/glibc-2.17-c758a686/elf/get-dynamic-info.h
44 1
fe=(2)
448 1
fi=(5)
59 3
fi=(3)
-15 1
fe=(2)
474 1
-3 1
fi=(3)
44 1
+17 2
-3 1
-7 1
+5 1
+3 1
+2 1
-3 1
-3 1
-3 2
-5 28
+15 14
-18 42
+18 1
-18 3
+2 40
+5 24
+1 20
+10 5
-18 15
+25 2
+20 4
+1 4
+1 4
+1 4
+2 4
+5 4
+1 4
+1 4
fe=(2)
496 34
fi=(4)
111 1
-28 1
+28 2
fi=(5)
498 3
fi=(4)
111 2
fi=(5)
498 1
fi=(4)
111 1
fi=(5)
498 27
fi=(4)
111 18
fi=(5)
498 9
fi=(4)
111 9
+13 1
fi=(5)
310 1
fi=(4)
124 2
+13 1
+2 2
-2 1
fi=(5)
264 1
fi=(4)
137 1
fi=(5)
292 1
fi=(4)
137 2
fi=(5)
292 1
fi=(4)
137 7
+2 14
-2 7
fi=(5)
264 7
fi=(4)
137 7
fi=(5)
292 7
fi=(4)
137 14
fi=(5)
292 7
+9 16
+3 8
-3 16
+3 24
+6 48
fi=(3)
53 4
+3 4
+3 4
+1 1
+1 2
fe=(2)
378 1
498 1
378 1
cfi=(6)
cfn=(10)
calls=1 865 
* 23
+1 2
+1 2
+1 2
+1 2
+9 1
+9 1
-9 3
+9 1
-6 1
-3 1
+9 1
cfi=(7) /usr/src/debug/glibc-2.17-c758a686/elf/../elf/dl-sysdep.c
cfn=(12) _dl_sysdep_start
calls=1 86 
* 132961
* 1
+9 4
+3 1
+4 1
-4 1
+4 1
523 9
fi=(5)
399 8
+9 8
fi=(4)
124 25
fe=(2)

fn=(24) dl_main
875 10
+19 1
2464 1
875 1
2464 1
875 1
+19 1
+3 1
-22 2
+22 1
+4 2
+1 2
+5 2
2457 2
+7 1
-5 1
+5 4
+5 1
cfi=(12) /usr/src/debug/glibc-2.17-c758a686/elf/dl-tunables.c
cfn=(26) _dl_process_tunable_env_entries
calls=1 37 
* 271
* 1
-9 4
+11 2
cfi=(13)
cfn=(28)
calls=1 30 
* 124
* 4
cfi=(13)
cfn=(28)
calls=2 30 
* 164
* 9
+4 48
+1 19
-1 57
+3 4
+6 16
2632 3
+30 3
915 2
-2 1
+2 1
1111 7
cfi=(15)
cfn=(32)
calls=1 62 
* 244
* 1
+3 1
+1 1
+5 2
-5 1
+1 1
884 1
1116 1
+4 1
cfi=(15)
cfn=(48)
calls=1 33 
* 34
* 3
+30 1
-3 1
-5 1
+1 1
+2 1
+5 6
+56 2
881 1
1206 2
-55 24
-1 24
+1 39
-1 2
1253 3
+3 2
+2 2
+2 2
+13 2
+1 8
cfi=(19)
cfn=(54)
calls=1 132 
* 7
* 3
+11 1
-4 1
+1 1
-3 1
+6 1
+6 2
fi=(3)
29 1
+9 2
+6 1
-2 1
+2 2
+7 1
+5 1
+3 1
+2 1
-3 1
-3 1
-3 14
+10 3
-18 9
+8 19
+10 19
-18 57
+2 44
+5 12
+18 3
+67 3
+14 3
+18 2
fe=(2)
1296 2
cfi=(6)
cfn=(10)
calls=1 865 
* 14
+3 2
fi=(20) /usr/src/debug/glibc-2.17-c758a686/elf/setup-vdso.h
24 2
fe=(2)
1321 1
cfi=(21) /usr/src/debug/glibc-2.17-c758a686/elf/../sysdeps/unix/sysv/linux/dl-sysdep.c
cfn=(60) _dl_discover_osversion
calls=1 45 
* 93
* 8
1155 3
+1 1
+86 2
+1 1
-37 2
-1 2
+1 4
-1 2
+2 4
+1 1
+3 2
+1 2
-1 2
+1 2
+1 2
+1 6
+1 2
-45 1
+9 1
-9 1
+9 1
-7 1
+25 1
-25 1
-3 1
+10 1
-19 3
+1 1
2559 4
+1 4
cfi=(14)
cfn=(30)
calls=1 309 
* 120
* 2
+2 3
-57 4
cfi=(14)
cfn=(30)
calls=1 309 
* 26
* 2
+7 4
cfi=(14)
cfn=(30)
calls=1 309 
* 80
* 2
+2 3
1326 2
cfi=(23) /usr/src/debug/glibc-2.17-c758a686/elf/dl-load.c
cfn=(64) _dl_init_paths
calls=1 739 
* 5470
+3 3
cfi=(27) /usr/src/debug/glibc-2.17-c758a686/elf/dl-debug.c
cfn=(84) _dl_debug_initialize
calls=1 51 
* 17
+7 1
-7 1
+2 1
+5 1
+3 3
+1 1
+3 1
-3 3
+1 2
+3 1
+5 1
-7 1
+7 1
+1 5
+4 1
+4 1
-2 4
+1 2
+1 3
+5 2
+1 6
+2 2
+1 2
+5 2
+6 4
+1 2
-2 1
890 1
1558 1
cfi=(28) /usr/src/debug/glibc-2.17-c758a686/elf/../elf/dl-tls.c
cfn=(86) _dl_count_modids
calls=1 111 
* 4
* 1
+8 3
+3 2
+4 3
+7 1
+4 3
+19 3
+16 3
cfi=(33) /usr/src/debug////////glibc-2.17-c758a686/io/../sysdeps/unix/syscall-template.S
cfn=(126) access
calls=1 81 
* 9
* 2
+77 4
+17 3
+1 1
-1 1
+1 2
-1 1
+1 5
cfi=(37) /usr/src/debug/glibc-2.17-c758a686/elf/dl-deps.c
cfn=(128) _dl_map_object_deps
calls=1 147 
* 12358
+1 1
+5 1
-5 3
+2 2
+3 4
+1 4
-1 2
+1 16
-1 8
+4 3
+1 3
+1 1
+2 2
+1 5
-1 5
+1 6
-1 9
-28 11
168 2
1742 1
-1 2
+1 1
+2 1
+2 3
+2 1
-4 1
+4 2
+15 2
+1 3
+13 1
-2 1
+2 1
-2 1
+2 1
-1 1
-1 2
+2 1
cfi=(30)
cfn=(140) _dl_receive_error
calls=1 197 
* 4558
+10 1
+1 1
-1 1
+1 1
+1 1
cfn=(150) init_tls
calls=1 678 
* 626
* 1
+2 2
802 1
fi=(96) /usr/src/debug/glibc-2.17-c758a686/elf/../sysdeps/unix/sysv/linux/dl-osinfo.h
86 2
fe=(2)
804 1
fi=(96)
112 1
fe=(2)
813 1
+7 1
-5 1
1796 2
2029 3
+56 1
+4 1
+7 1
-11 1
+4 3
+4 2
+3 1
+8 2
+99 4
+2 1
+5 2
cfi=(28)
cfn=(212) _dl_allocate_tls_init
calls=1 443 
* 254
+4 2
+12 2
+29 1
cfi=(7)
cfn=(214) _dl_sysdep_start_cleanup
calls=1 251 
* 1
+4 3
+20 3
cfi=(27)
cfn=(84)
calls=1 51 
* 8
+1 1
-1 1
+2 1
cfi=(27)
cfn=(88) _dl_debug_state
calls=1 75 
* 1
+1 1
+4 1
cfi=(58) /usr/src/debug/glibc-2.17-c758a686/elf/dl-cache.c
cfn=(216) _dl_unload_cache
calls=1 316 
* 5
+5 8
1315 3
1605 3
+1 1
-1 2
+1 1
cfn=(90)
calls=1 840 
* 3628
* 1
+1 4
+2 3
-31 2
+1 1
cfi=(27)
cfn=(88)
calls=1 75 
* 1
* 1
2226 2
+15 1
+3 1
-3 1
+3 1
-3 2
+3 2
-3 1
+2 1
+1 1
cfi=(40)
cfn=(156)
calls=1 148 
* 7538
+1 4
+2 3
2079 1
883 2
1739 2
2150 3
+7 1
+2 11
+2 1
+2 15
+5 10
+2 10
+8 5
-2 5
+2 10
+1 32
cfi=(40)
cfn=(156)
calls=4 148 
* 95570
+4 17
-22 14
+25 4
+2 1
+6 1
-6 1
+6 1
1700 6
+1 1
-1 2
+4 1
+1 1
-1 1
+2 2
2172 1
+1 1
-3 2
+14 2
cfi=(28)
cfn=(186) _dl_add_to_slotinfo
calls=1 879 
* 24
* 1

fn=(96) _dl_initial_error_catch_tsd
747 14

fn=(100) map_doit
579 2
+2 7
cfi=(23)
cfn=(102) _dl_map_object
calls=1 2114 
* 2674
* 1
+2 2

fn=(150)
678 1
-1 1
-6 1
+2 2
+4 1
+10 2
-4 1
+4 2
cfi=(17)
cfn=(36)
calls=1 102 
* 43
* 1
-1 1
+6 1
-9 1
+11 1
+6 1
-1 1
+1 12
+2 10
+4 1
+2 1
-2 2
-5 10
+12 1
cfi=(28)
cfn=(152) _dl_determine_tlsoffset
calls=1 144 
* 56
+7 1
cfi=(28)
cfn=(154) _dl_allocate_tls_storage
calls=1 349 
* 455
+1 1
-1 1
+1 1
+6 1
+4 1
-4 1
+4 6
+3 2
+3 2

fn=(52)
793 8

fn=(142) version_check_doit
611 2
+2 4
cfi=(39)
cfn=(144)
calls=1 381 
* 4518
* 2
+4 2

fl=(21)
fn=(60)
45 7
+2 3
+85 8
-45 3
cfi=(22)
cfn=(62)
calls=1 -6 
* 5
* 1
+15 1
-15 1
+20 1
-1 1
+3 12
+4 3
-2 6
+2 10
+2 1
+1 2
-3 4
+7 3
-1 3
+4 3
-2 3
+2 10
+5 2

fl=(23)
fn=(70) fillin_rpath
504 7
+2 1
-2 9
+4 3
cfi=(17)
cfn=(72)
calls=1 337 
* 115
* 18
cfi=(17)
cfn=(72)
calls=6 337 
* 1179
* 21
+4 6
+3 6
-4 6
+4 6
+27 90
+1 50
cfi=(14)
cfn=(30)
calls=2 309 
* 170
* 4
+7 2
+50 12
cob=(2)
cfi=(16)
cfn=(78) 0x0000000004000ac0
calls=6 0 
* 60
* 6
-39 10
+4 15
+1 15
-1 5
+1 5
-2 5
cfi=(17)
cfn=(40)
calls=5 93 
* 170
* 5
+3 5
-3 5
+3 15
+5 5
+1 15
-2 5
+2 5
cfi=(18)
cfn=(68)
calls=5 61 
* 123
+3 5
-3 5
+3 5
-2 5
+2 5
+1 1
+5 4
+1 2
-1 16
+1 68
+1 50
+3 5
-1 10
+1 5
+7 5
+1 5
+3 15
-81 18
cfn=(74) expand_dynamic_string_token
calls=6 -83 
* 1212
+3 6
-3 6
+3 6
+5 12
cfi=(10)
cfn=(20)
calls=6 26 
* 228
+1 12
+7 36
+5 24
+17 2
+6 10
+43 1
+3 9
-57 3
-17 12
+59 10

fn=(112) _dl_map_object_from_fd
919 33
+11 3
-11 3
+11 3
-11 9
+11 3
cfi=(27)
cfn=(84)
calls=3 51 
* 24
+4 9
-4 3
+4 3
cfi=(34) /usr/src/debug/glibc-2.17-c758a686/io/../sysdeps/unix/sysv/linux/wordsize-64/fxstat.c
cfn=(116) _fxstat
calls=3 35 
* 30
* 6
+11 21
+1 9
-1 27
+1 36
476 3
1636 24
963 6
+25 6
+10 6
+22 3
-89 3
+89 9
+35 21
cfi=(15)
cfn=(32)
calls=3 62 
* 1459
+1 3
-1 3
+1 3
+11 6
+5 3
-5 3
+1 6
+1 3
+2 3
-2 3
+2 12
+1 9
+1 3
+24 57
+8 3
-8 6
+8 3
-8 9
+8 3
+99 3
1098 3
1204 3
1099 3
-11 3
1204 6
+8 12
1106 41
-1 184
+1 138
+6 6
+1 9
+1 3
+9 30
+6 12
+1 6
-1 24
+7 24
+11 6
+2 6
-1 6
+4 6
-5 6
+1 6
-1 12
+2 6
-1 6
+2 6
+3 6
+4 6
-9 6
+2 6
+1 6
+1 6
+1 6
+4 6
+1 9
+5 6
-16 3
+16 15
+10 3
-10 6
-16 3
+16 15
+10 3
+3 3
+5 1
-1 1
+3 1
-1 1
-1 1
+1 1
+3 3
+1 2
+3 2
+4 4
+6 1
cfi=(28)
cfn=(138) _dl_next_tls_modid
calls=1 52 
* 6
* 2
+1 1
+60 4
+1 6
+1 2
-6 6
+1 3
1117 2
+1 7
1265 9
+13 24
+2 6
+14 3
+5 18
cfi=(35)
cfn=(118)
calls=3 32 
* 105
+4 3
-4 3
+4 3
+7 3
+1 3
-1 3
+1 3
+2 3
-3 3
+1 3
+2 3
+10 3
+2 3
+33 18
+1 9
+2 12
+8 24
+6 3
+2 3
-2 3
+1 3
+2 3
-1 3
+1 3
-1 9
+8 6
+3 6
+11 21
cfi=(26)
cfn=(82)
calls=3 30 
* 2006
+1 15
+5 6
+15 6
-74 30
+2 12
+2 24
cfi=(35)
cfn=(118)
calls=3 32 
* 93
* 6
1068 3
1424 12
+9 6
fi=(3)
38 3
fe=(23)
1433 3
fi=(3)
38 3
+6 3
-2 3
+2 6
+7 3
+5 3
+3 3
-1 3
-3 3
-3 66
+10 15
-18 45
+8 53
+10 53
-18 159
+18 3
-18 9
+2 142
+5 72
+2 12
+16 6
+20 11
+1 12
+1 12
+1 12
+2 12
+5 12
+1 11
+1 12
+35 9
+5 2
+2 2
-2 2
+2 2
+2 4
+2 4
+1 1
+2 9
+10 2
-8 4
+9 4
-1 2
+5 4
+1 2
+2 6
fe=(23)
1439 6
+16 9
+19 6
+2 15
+51 9
+1 2
+3 2
cfi=(33)
cfn=(124) close
calls=1 81 
* 5
* 4
cfi=(33)
cfn=(124)
calls=2 81 
* 10
* 6
+8 15
+3 9
+2 3
-2 3
+2 3
+16 6
cfi=(6)
cfn=(10)
calls=3 865 
* 69
+4 6
+1 6
+17 6
+1 1
+3 1
+6 1
-6 1
+1 2
+5 1
-6 2
+6 2
-6 2
+1 4
+5 2
+10 6
+10 9
cfi=(15)
cfn=(48)
calls=3 33 
* 132
+4 9
fi=(3)
56 12
fe=(23)
1320 3
-1 15
cfi=(36)
cfn=(120)
calls=3 81 
* 15
* 3
fi=(3)
59 12
+1 3
+1 12
fe=(23)
1362 10
+2 2
-1 6
+1 4
-1 2
+1 4
-1 4
+3 8
+43 8
cfi=(35)
cfn=(118)
calls=1 32 
* 31
+3 2
1539 6
940 2

fn=(102)
2114 6
+12 12
-12 6
+12 6
-12 54
+12 6
-12 12
+12 12
+12 30
-12 45
+5 54
+1 36
+2 54
cfi=(32)
cfn=(104)
calls=18 304 
* 1245
* 39
2419 48
2161 6
+11 12
-56 6
+92 6
-2 3
+2 3
cfi=(25)
cfn=(76)
calls=3 38 
* 175
* 6
2350 5
cfn=(74)
calls=1 434 
* 381
+1 1
-3 1
+4 1
-1 2
+4 6
cfn=(106) open_verify
calls=1 1684 
* 446
+3 1
-3 1
+3 1
+12 9
+2 6
+44 3
+1 21
-1 3
+1 15
cfn=(112)
calls=3 919 
* 6562
* 3
2212 4
cfi=(10)
cfn=(20)
calls=2 26 
* 121
* 2
+2 2
-2 2
+2 2
+7 8
+35 4
+1 30
cfn=(134) open_path
calls=2 1965 
* 2347
* 6
+6 12
+8 4
+71 4
-97 10
+1 14
716 2
2247 2
716 4
2225 2
+8 10
-7 4
-1 2
+8 16
-3 6
716 2
2231 2
716 4
2139 45
+3 6
+2 6
-1 12
+1 6
cfi=(19)
cfn=(54)
calls=6 132 
* 105
* 12

fn=(74)
434 56
285 14
434 7
285 7
cfi=(25)
cfn=(76)
calls=7 38 
* 521
+3 7
-3 7
+3 7
161 14
cfi=(10)
cfn=(20)
calls=7 26 
* 390
* 7
+1 14
cfi=(17)
cfn=(40)
calls=7 -69 
* 238
* 7
+2 14
459 7
167 14
459 42
167 14
cfi=(18)
cfn=(46)
calls=7 61 
* 206

fn=(106)
1684 70
+36 7
-36 14
+36 14
+21 28
cfi=(33)
cfn=(108) open
calls=7 81 
* 51
+1 7
-1 7
+1 7
+11 3
+1 6
+5 18
cfi=(33)
cfn=(110) read
calls=3 81 
* 15
+2 6
+2 3
+2 3
-2 3
+2 3
-2 3
+8 6
+16 15
cfi=(14)
cfn=(30)
calls=3 309 
* 258
* 6
+2 3
-2 6
+4 12
cfi=(14)
cfn=(30)
calls=3 309 
* 240
-4 6
+60 6
+5 6
+3 12
+5 6
+7 15
+1 12
+1 3
+15 12
1747 6
1884 112
+1 47
+4 9
+1 3
-1 3
+29 3
+1 3
+2 3
-3 3
+1 3
-1 3
+1 3
-2 3
+4 6
+5 2
+1 2
-13 8
cfi=(14)
cfn=(30)
calls=2 309 
* 146
* 12
cfi=(14)
cfn=(30)
calls=3 309 
* 240
* 10
+16 4
+6 2
-3 2
+1 2
+1 2
+1 4
+11 6
cob=(2)
cfi=(16)
cfn=(78)
calls=3 0 
* 21
* 3
+4 28
1732 4
1951 30
-14 6
-4 2
+1 2
+1 2
-1 6
-1 2
+4 4
1787 8
cfi=(14)
cfn=(30)
calls=2 309 
* 176
* 4

fn=(64)
739 1
+13 2
-13 8
+13 3
cfi=(24) /usr/src/debug/glibc-2.17-c758a686/elf/dl-hwcaps.c
cfn=(66) _dl_important_hwcaps
calls=1 39 
* 346
+5 1
-5 1
+5 1
cfi=(17)
cfn=(40)
calls=1 93 
* 34
* 1
+1 1
-1 1
-1 1
+2 1
+8 1
-1 1
+1 1
-1 4
+5 4
cfi=(17)
cfn=(40)
calls=1 93 
* 34
* 1
+2 1
-2 1
-1 1
+3 1
+7 1
+10 1
+9 1
-20 1
+12 1
-1 1
+3 1
+1 1
-1 1
+6 9
+1 10
+2 2
-12 1
+12 1
-14 1
+2 1
+3 1
-2 1
+3 1
-1 8
+1 3
+6 11
-1 2
+14 1
-11 1
+6 1
+1 1
+5 2
+4 3
+32 4
-16 1
-2 1
+2 2
+18 2
cfi=(10)
cfn=(20)
calls=1 26 
* 131
* 20
cfi=(18)
cfn=(46)
calls=1 61 
* 88
+5 1
-5 1
+5 3
-1 2
+2 1
+1 3
-2 4
+1 78
+1 234
-2 313
+5 1
cfi=(17)
cfn=(40)
calls=1 93 
* 34
* 1
+1 1
-2 1
+2 1
+6 7
cfn=(70)
calls=1 504 
* 3997
+3 3
+6 1
+4 8
-37 2
-46 2

fn=(134)
1965 16
+1 2
-1 10
+7 2
-7 2
+1 2
+6 4
+5 34
+74 2
-74 2
-7 2
-1 2
+82 2
-22 2
-52 2
+52 8
-40 2
-9 2
+9 2
+7 8
cfi=(18)
cfn=(68)
calls=2 61 
* 52
+1 2
-1 2
+1 6
-13 4
+33 8
+1 1
+23 1
+2 6
-46 20
+3 16
+4 48
cfi=(18)
cfn=(68)
calls=6 61 
* 117
* 24
cfi=(18)
cfn=(68)
calls=6 61 
* 138
* 6
+3 6
+3 12
+3 42
cfn=(106)
calls=6 1684 
* 1396
* 6
+2 18
+26 8
+2 5
-21 6
+1 27
+6 6
+2 9
-2 3
+2 3
cfi=(38)
cfn=(136)
calls=3 35 
* 36
* 6
+1 1
+2 1
-2 1
+2 8
+7 2
-44 2
+37 4
+7 4
-44 4
2105 4
-37 4
cfi=(17)
cfn=(40)
calls=2 93 
* 68
* 2
* 2
+1 2
-1 2
+1 2
+2 8
cfi=(18)
cfn=(46)
calls=2 61 
* 54
+35 2
-34 2
+34 16
-72 4

fn=(130) _dl_dst_count
282 5
+3 5
-3 20
+3 5
cfi=(25)
cfn=(76)
calls=5 38 
* 377
+3 5
-3 5
+3 5
+1 5
+19 30

fl=(27)
fn=(88)
75 2

fn=(84)
51 10
+5 8
+5 2
-1 1
+1 2
+1 2
-1 2
-9 5
+4 10
+4 1
-1 1
-59 5

fl=(32)
fn=(104)
304 425
+1 170
cfi=(19)
cfn=(54)
calls=85 132 
* 602
* 85
+1 85
-1 85
+3 85
+2 170
+4 86
-4 172
+1 279
cfi=(19)
cfn=(54)
calls=93 132 
* 1799
* 186
-5 7
+11 113
-1 78
+1 312

fl=(36)
fn=(120)
81 24
+1 6

fl=(24)
fn=(66)
39 8
+2 1
-2 1
+3 1
-3 2
+3 1
-3 1
+2 3
+1 2
+9 1
-10 1
+10 2
+10 4
+42 1
+3 17
+1 1
-1 4
+30 2
+8 2
+2 3
+1 2
+1 2
+3 2
+7 1
-7 1
+1 1
+7 1
-1 1
+4 3
+1 1
-1 6
+1 1
+18 12
+1 4
cfi=(17)
cfn=(40)
calls=1 -89 
* 34
* 1
+1 1
-1 1
+1 4
+26 1
+3 1
-3 2
+3 1
+28 9
+1 2
-1 2
+1 6
-1 8
+5 6
+3 1
-3 1
+3 2
-3 1
+3 1
-3 2
+3 1
-3 1
+3 2
-3 1
+3 3
+1 12
+1 4
-1 4
+1 8
-2 4
+1 8
-1 14
+4 4
+3 1
+2 2
-1 1
-1 2
+2 10
+13 2
+1 1
-1 1
+3 2
-3 2
+1 1
-1 1
+3 2
+3 3
+3 9
-65 4
cfi=(18)
cfn=(68)
calls=1 61 
* 22
+1 2
-1 2
+1 1
cfi=(18)
cfn=(68)
calls=1 61 
* 22
* 4

fl=(19)
fn=(54)
132 314
+1 314
+1 314
+1 166
+1 166
+1 166
+1 166
cfn=(55) strcmp'2
calls=166 -6 
* 10796
+5 148
+1 148
+1 148
+1 148

fn=(55)
132 1506
+1 1506
+1 1506
+1 1467
+1 1467
+1 1467
+1 1467
cfn=(55)
calls=1340 -6 
* 57977
+2 127
+1 127
+2 39
+1 39
+1 39
+1 39

fl=(10)
fn=(20)
26 24
+1 24
+1 24
+1 24
+2 10
+1 10
+2 10
+1 10
-1 31
+1 31
+1 40
+1 40
+1 40
+2 46
+5 23
+1 23
+1 23
+1 23
+3 23
-6 8
+1 8
+1 8
+1 8
+3 8
+1 25
+1 25
+1 25
+2 25
+3 20
+1 20
+1 20
+1 20
+3 20
+1 14
+1 14
+1 14
+2 14
+3 11
+1 11
+1 11
+1 11
+3 11
+1 8
+1 8
+1 8
+2 8
+3 8
+1 8
+1 8
+1 8
+3 8
+1 8
+1 8
+1 8
+2 8
+3 23
+2 23
+1 23
+1 16
+2 16
+1 16
+1 14
+2 14
+1 14
+1 12
+2 12
+1 12
+1 12
+2 12
+2 12
+1 12
+1 11
+2 11
+1 11
+1 7
+2 7
+1 7
+1 5
+2 5
+1 5
-1 19
+1 19

fl=(7)
fn=(214)
251 1

fn=(12)
86 7
+25 1
-1 1
+1 1
-25 1
+25 135
+6 1
-3 1
+1 1
-4 1
+3 1
+3 4
+1 6
-1 3
-29 1
-1 2
+31 108
-1 86
fi=(21)
-82 2
cfi=(8)
cfn=(14)
calls=1 -4 
* 12
fi=(5)
221 5
+4 1
cfi=(9) /usr/src/debug/glibc-2.17-c758a686/elf/../sysdeps/x86/cpu-features.c
cfn=(18) init_cpu_features.constprop.0
calls=1 39 
* 81
fe=(7)
+1 3
+1 1
cfi=(10)
cfn=(20)
calls=1 26 
* 39
* 1
+2 2
cfi=(11) /usr/src/debug/glibc-2.17-c758a686/elf/../misc/sbrk.c
cfn=(22) sbrk
calls=1 34 
* 17
* 3
+12 3
+3 6
cfi=(2)
cfn=(24)
calls=1 875 
* 132397
+2 9
-67 1
+1 1
-29 1
+1 1
+11 1
+1 1
-7 1
+1 1
-4 1
+1 1
-25 1
+1 1
-4 1
+1 1
-7 1
+1 1
+2 1
+1 1

fl=(9)
fn=(18)
39 1
+7 1
-7 5
+7 1
-7 1
+10 1
-3 1
+3 5
188 2
+1 7
+7 3
307 1
+1 1
+1 1
+1 8
60 1
-31 2
+4 1
-4 1
+5 1
-1 1
+31 1
-30 1
+30 1
-31 1
+27 2
-26 1
+30 1
+1 1
-36 2
+3 1
+28 1
+5 1
+5 1
-17 1
+17 1
+3 1
+1 7
+67 5
-88 2
+78 3

fl=(30)
fn=(94)
159 42
+9 6
+2 6
cfi=(2)
cfn=(96)
calls=6 747 
* 12
* 6
+1 6
+2 12
-2 6
+2 6
cfi=(31) /usr/src/debug////////glibc-2.17-c758a686/setjmp/../sysdeps/x86_64/setjmp.S
cfn=(98) __sigsetjmp
calls=6 26 
* 120
+1 12
+2 12
+1 12
-1 6
+1 6
cfi=(37)
cfn=(132) openaux
calls=5 60 
* 9581
cfi=(2)
cfn=(100)
calls=1 579 
* 2686
+1 6
+4 6
-4 6
+1 12
+1 12
+1 12
+10 24

fn=(140)
197 10
+1 1
cfi=(2)
cfn=(96)
calls=1 747 
* 2
+5 1
-1 1
-4 1
+9 1
+2 1
-3 1
+3 1
cfi=(2)
cfn=(142)
calls=1 611 
* 4528
+2 1
+1 1
+1 8

fl=(28)
fn=(86)
111 2
+1 2

fn=(154)
349 1
+13 1
-13 2
+2 1
+11 2
cfi=(17)
cfn=(44)
calls=1 51 
* 78
* 1
+1 1
-1 1
+1 1
+7 1
+4 306
-58 1
+1 1
-1 1
+1 2
cfi=(17)
cfn=(36)
calls=1 102 
* 43
* 1
+1 2
+9 1
-6 1
+6 1
+64 5

fn=(152)
144 1
+34 1
-34 1
+34 2
-45 1
+1 1
+2 1
-3 1
+2 1
-2 1
+43 1
-43 2
+50 1
-1 1
+5 2
-4 1
-1 1
+7 1
-7 1
+3 2
+2 1
+2 1
-2 2
+16 5
+2 1
+1 1
-1 2
+4 1
+6 1
-12 1
-25 5
+40 1
+53 4
-1 1
+1 3
-52 1
+52 1

fn=(138)
52 3
+48 2
+4 1

fn=(186)
879 6
+6 1
+3 2
+5 5
+41 1
+1 3
+1 6

fn=(212)
443 7
+1 1
-1 1
+1 1
+4 1
+6 2
-6 2
+6 2
+12 1
-15 1
-1 2
+21 6
+6 12
+3 1
+1 2
+7 1
+2 1
-2 2
+2 3
+1 1
+3 2
-1 2
+18 1
-2 1
-8 1
+8 2
-8 1
+8 1
cfi=(18)
cfn=(68)
calls=1 61 
* 23
* 4
cfi=(26)
cfn=(82)
calls=1 30 
* 150
* 2
-38 3
+52 2
+2 1
+1 8

fl=(58)
fn=(216)
316 4
+5 1

fl=(59)
fn=(220)
90 10
+5 1
-4 1
-1 1
+2 1
+3 2
+7 6
+28 3
+1 4
-97 3
+97 16
-97 12
+9 4
-3 8
+3 12
+5 9
+5 4
+8 4
+2 4
+4 8
cob=(2)
cfi=(16)
cfn=(264) 0x0000000004c2a170
calls=1 -67 
* 6
cob=(3)
cfi=(61)
cfn=(242)
calls=1 -15 
* 148
+4 2
+1 4
+6 4
+2 4
-2 2
+3 12
+1 8
cob=(4)
cfi=(53)
cfn=(268)
calls=1 -82 
* 16
cob=(3)
cfi=(66)
cfn=(252)
calls=1 -1 
* 11
* 4
cob=(3)
cfi=(67)
cfn=(254)
calls=1 478 
* 2696
* 3
-1 10
+49 10
+4 1
+1 8
-86 4
-15 3
+9 1
-3 2
+3 3
+5 3
+5 2
+8 2
+2 2
+4 5
cob=(2)
cfi=(16)
cfn=(222) 0x0000000004a24448
calls=1 -67 
* 29
* 1
+4 1
+1 2
+26 2
-54 3

fl=(33)
fn=(108)
81 28
+1 3
+1 20

fn=(126)
81 4
+2 5

fn=(110)
81 12
+1 3

fn=(124)
81 12
+1 3

fl=(26)
fn=(82)
30 9
+1 9
+1 9
+1 2170
+1 9
+1 9

fl=(34)
fn=(116)
35 3
-1 3
+1 3
+1 18
+4 3

fl=(11)
fn=(22)
34 4
+8 6
+4 2
+11 5

fl=(18)
fn=(46)
61 22
+2 22
+2 22
+3 21
+1 21
+2 8
+1 8
+2 8
+1 8
+5 8
+1 8
-1 13
+1 13
+2 5
+1 5
+2 5
+1 10
+5 5
+1 5
-1 16
+1 16
+2 3
+1 3
+2 3
+1 3
+5 3
+1 3
-1 18
+1 18
+2 10
+1 10
+2 10
+1 10
+5 10
+1 10
-1 11
+1 20
+5 9
+1 9
+1 9
+1 9
+2 9
+2 9
+1 9
+2 9
+8 21
+8 5
+6 5
+2 5
+1 5
+3 1
+1 3
+5 1
+1 1
+2 1
+2 1
+1 1
+2 1
-8 2
+1 2
+2 2
+2 2
+1 2
+2 4
+9 1
+1 1
-1 4
+1 4
+3 5
+1 5
+1 5
+5 5
+2 5
+1 5
+1 5
+1 5
+2 5
+1 5
+1 5
+1 5
+2 5
+1 5
+2 5
+2 4
+2 4
+1 4
+1 4
+1 4
+2 4
+1 4
+1 4
+1 4
+2 4
+1 4
+2 12
+5 4
+6 4
+1 4
-7 1
+6 1
+1 1
+2 1

fn=(68)
61 25
+4 25
+3 25
+1 25
+2 9
+1 9
+2 9
+1 9
+5 9
+1 9
-1 16
+1 16
+2 14
+1 14
+2 14
+1 14
+5 14
+1 14
-1 11
+1 11
+2 7
+1 7
+2 7
+1 7
+5 7
+1 7
-1 18
+1 18
+2 9
+1 9
+2 9
+1 18
+5 9
+1 9
-1 16
+1 22
+5 6
+1 6
+1 6
+1 6
+2 6
+2 6
+1 6
+2 6
+6 25
+4 25
+12 1
+2 1
+1 1
+26 1
+1 1
+3 1
+1 1
+1 1
+5 1
+2 1
+1 1
+1 1
+1 1
+2 1
+1 1
+1 1
+1 1
+2 1
+1 1
+2 1
+2 1
+2 1
+1 1
+1 1
+1 1
+2 1
+1 1
+1 1
+1 1
+2 1
+1 1
+2 3
+5 1
+2 1

fl=(37)
fn=(132)
60 10
+7 5
-4 15
+1 5
-1 5
+1 5
-1 25
cfi=(23)
cfn=(102)
calls=5 2114 
* 9496
* 5
+5 10

fn=(128)
147 1
+1 1
-1 2
+1 1
-1 1
+1 1
-1 1
+1 2
-1 4
+1 2
-1 1
+1 2
-1 1
+1 10
+15 1
-15 1
+16 1
-2 1
+1 1
-15 1
+16 1
+6 3
+10 1
-10 1
+10 3
-14 1
-4 1
+2 1
+17 1
-17 1
-2 2
+2 1
-2 1
+2 1
-2 1
+1 1
+1 1
+6 3
+10 1
-10 1
+10 3
-16 4
+20 1
+21 1
+1 1
-22 2
+19 1
-12 1
+15 1
-16 1
+13 1
347 9
215 1
+4 1
-8 1
+8 2
-4 4
+4 4
-8 4
+8 8
+12 15
+2 6
+6 3
-6 6
+5 3
+1 3
+5 3
-4 3
+4 3
-4 3
+1 3
+3 3
-3 3
+3 6
-32 3
+32 6
+1 154
+6 20
cfi=(23)
cfn=(130)
calls=5 +31 
* 462
* 15
+5 25
-3 5
+3 5
cfi=(30)
cfn=(94)
calls=5 -97 
* 9871
+2 15
+15 5
+2 10
+19 10
+1 9
-51 308
475 10
+2 9
+3 6
-1 3
cfi=(17)
cfn=(40)
calls=3 93 
* 102
* 3
+2 3
-2 3
+2 3
+3 3
+1 12
-1 3
+1 3
cfi=(18)
cfn=(46)
calls=3 61 
* 68
+1 15
cfi=(18)
cfn=(46)
calls=3 61 
* 68
+4 3
-1 3
+5 36
+3 12
-1 5
+1 10
204 1
501 6
+1 2
+3 6
+11 4
-1 1
cfi=(17)
cfn=(40)
calls=1 93 
* 34
* 1
+3 1
-3 1
+3 2
+5 7
+1 4
+2 11
+6 12
+4 4
-10 4
+10 4
-10 9
+6 3
+4 1
-10 1
+10 1
-10 3
+13 2
+53 4
+43 18
+1 1
-1 3
-1 1
+2 1
cfi=(26)
cfn=(82)
calls=1 30 
* 16
* 11
+5 1
-1 1
+7 1
-6 1
+6 1
-11 9
+5 3
-1 3
+7 3
-6 3
+6 6
+2 12
+1 6
-1 12
+1 9
+3 21
-1 30
+23 6
-28 12
+31 12
+3 30
cfi=(26)
cfn=(82)
calls=3 30 
* 30
* 12
280 18
+6 3
-6 6
+3 3
+1 3
+1 3
+1 3
+4 15
-2 12
-37 8
-20 8
-19 4
+7 10
+1 22
+2 3
+2 9
+2 22
+71 216
688 2
+2 1
+1 1
-1 1
+9 3
+3 2
+3 8
226 26
628 10
cfi=(18)
cfn=(46)
calls=1 61 
* 42
+2 4
+33 3

fl=(31)
fn=(98)
26 6
+9 6
+1 12
+1 6
+4 6
+1 6
+1 6
+1 6
+1 6
+2 12
+2 6
+1 6
+1 6
+2 12
+2 6
+4 6
+1 6

fl=(12)
fn=(26)
37 1
-8 1
+8 1
+1 4
+4 87
+1 1
-1 4
+3 2
+12 42
-19 126
+22 2

ob=(2)
fl=(16)
fn=(78)
0 9
cob=(1)
cfi=(17)
cfn=(80)
calls=9 121 
0 72

fn=(264)
0 6

fn=(300)
0 5
cob=(6)
cfi=(69)
cfn=(304)
calls=1 0 
0 16
0 1
cob=(6)
cfi=(69)
cfn=(314)
calls=1 0 
0 4
0 2

fn=(388)
0 2
cob=(3)
cfi=(92)
cfn=(390)
calls=2 2930 
0 14

fn=(222)
0 2
cob=(5)
cfi=(60)
cfn=(224)
calls=1 0 
0 6
0 1
cob=(5)
cfi=(60)
cfn=(230)
calls=1 0 
0 6
0 1
cob=(5)
cfi=(60)
cfn=(236)
calls=1 0 
0 11
0 2

totals: 142833
